,1,
6,6,6,1,1,1,4,4,4,1,1,2,1,1,1,
6,6,6,2,1,1,4,4,4,1,1,1,1,2,1,
6,6,6,1,1,1,1,1,8,8,8,8,8,8,1,
1,1,1,7,7,7,7,1,9,9,8,9,9,8,1,
2,1,1,7,7,7,7,1,8,9,8,9,9,8,1,
1,1,1,1,1,1,1,2,8,9,8,9,9,8,2,
1,1,1,1,1,1,1,1,8,9,9,9,9,8,1,
6,6,6,1,1,1,4,4,8,8,8,8,9,8,1,
6,6,6,1,1,1,4,4,8,8,8,8,9,8,1,
6,6,6,1,1,1,4,4,1,1,1,1,1,3,3,
1,1,2,1,1,3,3,1,1,5,5,5,1,3,3,
1,1,1,1,1,3,3,1,1,5,5,5,1,1,1,
1,1,1,1,2,1,1,1,1,5,5,5,2,1,1,
3,3,1,1,3,3,1,1,1,5,5,5,2,1,1,
3,3,1,1,3,3,1,1,1,5,5,5,2,1,1,




/////////
Amennyiben ezt a fájlt szeretnéd pályának használni, akkor az 1. sorban lévő számot írd át 1-re. Ha az 0-ra van állítva, akkor a default pálya lesz betöltve.


Jelmagyarázat:

1 - üres mező
2 - kis fa
3 - nagy fa
4 - autó
5 - teherautó
6 - szikla
7 - hordó
8 - ház fala
9 - ház járható